   23
StrainA    0 0.00093522108 0.0010923111 0.00132791 0.0013228685 0.0013473851 0.0013662976 0.0013879037 0.0013586776 0.0013626478 0.0013092972 0.0013794365 0.001297276 0.0012762233 0.0013509822 0.0010521875 0.001030796 0.0010352409 0.0018761023 0.0018912081 0.0018031088 0.0010286842 0.0041653581
StrainB    0.00093522108 0 0.0011111387 0.0013471016 0.0013310534 0.0013787538 0.0013986718 0.0014180122 0.0014082606 0.0013893678 0.0013057253 0.0013825321 0.0012956091 0.0013069529 0.0013784898 0.0010501965 0.0010333573 0.001024143 0.0018896127 0.0019414465 0.0018640204 0.0010498859 0.0041868064
StrainC    0.0010923111 0.0011111387 0 0.0014059863 0.0014321196 0.0014738451 0.0014459113 0.0014736583 0.0014512618 0.0014596299 0.0013815428 0.0014284558 0.0013712148 0.0013944769 0.0014469976 0.0011548802 0.0011443994 0.0011500616 0.0019690582 0.0020036886 0.0019473398 0.0011570624 0.0042348059
StrainD    0.00132791 0.0013471016 0.0014059863 0 0.00089603874 0.00077576754 0.001002375 0.0013109426 0.00099538977 0.001201125 0.00089496975 0.0013572847 0.00088575338 0.00097901295 0.00082818965 0.0013585856 0.0013701882 0.0013616036 0.0020624207 0.0020807045 0.0020431449 0.0013754259 0.0042465803
StrainE    0.0013228685 0.0013310534 0.0014321196 0.00089603874 0 0.00078900246 0.00082443724 0.0012154157 0.00085468089 0.0011888358 0.00076469566 0.0012457633 0.00075510864 0.00091138859 0.00075235347 0.0013585764 0.001359218 0.0013666749 0.0020300464 0.0020723154 0.0020565173 0.0013453436 0.004188122
StrainF    0.0013473851 0.0013787538 0.0014738451 0.00077576754 0.00078900246 0 0.00085202619 0.0012265297 0.00098278053 0.0011994213 0.00089163625 0.0013053937 0.00088390253 0.0009290281 0.00067857643 0.0013613378 0.0013647853 0.0013717112 0.0020428687 0.0020647978 0.0020460972 0.0013240641 0.004200032
StrainG    0.0013662976 0.0013986718 0.0014459113 0.001002375 0.00082443724 0.00085202619 0 0.0012792361 0.00078489157 0.0012580045 0.00086738023 0.0013023855 0.00085710489 0.00079033041 0.00086298903 0.0013714552 0.0013621877 0.0013830477 0.0020569083 0.0021035092 0.0020629373 0.001392745 0.0042108396
StrainH    0.0013879037 0.0014180122 0.0014736583 0.0013109426 0.0012154157 0.0012265297 0.0012792361 0 0.0012870246 0.00088562198 0.0012829343 0.00072294447 0.0012721827 0.0012847421 0.0012093744 0.0013862421 0.0013936038 0.0013867135 0.0020899207 0.0021157597 0.0020642352 0.0014227836 0.0042611039
StrainI    0.0013586776 0.0014082606 0.0014512618 0.00099538977 0.00085468089 0.00098278053 0.00078489157 0.0012870246 0 0.0012368309 0.00072423918 0.0013180069 0.00071592278 0.000778737 0.00078254273 0.0014034497 0.0014077896 0.0014249434 0.0020719059 0.002093616 0.0020507703 0.0014087997 0.0042183898
StrainJ    0.0013626478 0.0013893678 0.0014596299 0.001201125 0.0011888358 0.0011994213 0.0012580045 0.00088562198 0.0012368309 0 0.0011560053 0.00079253249 0.0011463651 0.0012641927 0.0012137624 0.0013513546 0.0013720598 0.0013624724 0.0020766673 0.0021102446 0.0020762819 0.0014100719 0.0042162238
StrainK    0.0013092972 0.0013057253 0.0013815428 0.00089496975 0.00076469566 0.00089163625 0.00086738023 0.0012829343 0.00072423918 0.0011560053 0 0.0012795011 3.5754232e-05 0.00086631688 0.00077025338 0.0013067801 0.0012916419 0.001337649 0.0020342232 0.0020504391 0.0020361233 0.0013019135 0.0042062537
StrainL    0.0013794365 0.0013825321 0.0014284558 0.0013572847 0.0012457633 0.0013053937 0.0013023855 0.00072294447 0.0013180069 0.00079253249 0.0012795011 0 0.0012775891 0.0013043978 0.0012797001 0.0013379133 0.0013386575 0.0013518911 0.0020882818 0.0020956147 0.0020912908 0.0013903881 0.0042888033
StrainM    0.001297276 0.0012956091 0.0013712148 0.00088575338 0.00075510864 0.00088390253 0.00085710489 0.0012721827 0.00071592278 0.0011463651 3.5754232e-05 0.0012775891 0 0.00084979492 0.00076003083 0.0012970344 0.0012889354 0.0013281151 0.0020257475 0.0020407461 0.0020253195 0.0012920621 0.004196666
StrainN    0.0012762233 0.0013069529 0.0013944769 0.00097901295 0.00091138859 0.0009290281 0.00079033041 0.0012847421 0.000778737 0.0012641927 0.00086631688 0.0013043978 0.00084979492 0 0.00084513416 0.001291714 0.0012776828 0.0013040987 0.0020570008 0.0020801468 0.0020262414 0.0013160748 0.0042138601
StrainO    0.0013509822 0.0013784898 0.0014469976 0.00082818965 0.00075235347 0.00067857643 0.00086298903 0.0012093744 0.00078254273 0.0012137624 0.00077025338 0.0012797001 0.00076003083 0.00084513416 0 0.0013564624 0.001393474 0.0013766338 0.0020564703 0.0020545791 0.0020352355 0.0013464615 0.0042022302
StrainP    0.0010521875 0.0010501965 0.0011548802 0.0013585856 0.0013585764 0.0013613378 0.0013714552 0.0013862421 0.0014034497 0.0013513546 0.0013067801 0.0013379133 0.0012970344 0.001291714 0.0013564624 0 0.00044801116 0.00044477073 0.0019100893 0.0019278522 0.0018880107 0.00099053352 0.0041965815
StrainQ    0.001030796 0.0010333573 0.0011443994 0.0013701882 0.001359218 0.0013647853 0.0013621877 0.0013936038 0.0014077896 0.0013720598 0.0012916419 0.0013386575 0.0012889354 0.0012776828 0.001393474 0.00044801116 0 0.00040340996 0.0019262492 0.001954384 0.0019137421 0.001004518 0.0042079234
StrainR    0.0010352409 0.001024143 0.0011500616 0.0013616036 0.0013666749 0.0013717112 0.0013830477 0.0013867135 0.0014249434 0.0013624724 0.001337649 0.0013518911 0.0013281151 0.0013040987 0.0013766338 0.00044477073 0.00040340996 0 0.0018704094 0.0019112985 0.0018940961 0.00097941611 0.0042076873
StrainS    0.0018761023 0.0018896127 0.0019690582 0.0020624207 0.0020300464 0.0020428687 0.0020569083 0.0020899207 0.0020719059 0.0020766673 0.0020342232 0.0020882818 0.0020257475 0.0020570008 0.0020564703 0.0019100893 0.0019262492 0.0018704094 0 0.0018766728 0.002052611 0.0019456696 0.0041981551
StrainT    0.0018912081 0.0019414465 0.0020036886 0.0020807045 0.0020723154 0.0020647978 0.0021035092 0.0021157597 0.002093616 0.0021102446 0.0020504391 0.0020956147 0.0020407461 0.0020801468 0.0020545791 0.0019278522 0.001954384 0.0019112985 0.0018766728 0 0.0020559619 0.0019590836 0.0042399384
StrainU    0.0018031088 0.0018640204 0.0019473398 0.0020431449 0.0020565173 0.0020460972 0.0020629373 0.0020642352 0.0020507703 0.0020762819 0.0020361233 0.0020912908 0.0020253195 0.0020262414 0.0020352355 0.0018880107 0.0019137421 0.0018940961 0.002052611 0.0020559619 0 0.0018675482 0.0040795392
StrainV    0.0010286842 0.0010498859 0.0011570624 0.0013754259 0.0013453436 0.0013240641 0.001392745 0.0014227836 0.0014087997 0.0014100719 0.0013019135 0.0013903881 0.0012920621 0.0013160748 0.0013464615 0.00099053352 0.001004518 0.00097941611 0.0019456696 0.0019590836 0.0018675482 0 0.0042177181
Umaydis_re 0.0041653581 0.0041868064 0.0042348059 0.0042465803 0.004188122 0.004200032 0.0042108396 0.0042611039 0.0042183898 0.0042162238 0.0042062537 0.0042888033 0.004196666 0.0042138601 0.0042022302 0.0041965815 0.0042079234 0.0042076873 0.0041981551 0.0042399384 0.0040795392 0.0042177181 0


